4 0.7391826923076923 0.1658653846153846 0.18269230769230768 0.27163461538461536
4 0.6778846153846154 0.4074519230769231 0.04447115384615385 0.0829326923076923
4 0.5540865384615384 0.42908653846153844 0.05048076923076923 0.07211538461538461
4 0.6442307692307693 0.6189903846153846 0.05889423076923077 0.09254807692307693
4 0.7872596153846154 0.6682692307692307 0.07692307692307693 0.11177884615384616
4 0.8521634615384616 0.5540865384615384 0.04807692307692308 0.0829326923076923
4 0.28725961538461536 0.6742788461538461 0.0673076923076923 0.1141826923076923
4 0.14182692307692307 0.49158653846153844 0.04927884615384615 0.07211538461538461
4 0.22235576923076922 0.4675480769230769 0.054086538461538464 0.08413461538461539
4 0.30288461538461536 0.4963942307692308 0.04807692307692308 0.0733173076923077
4 0.40384615384615385 0.5060096153846154 0.046875 0.09254807692307693
4 0.4519230769230769 0.5480769230769231 0.04807692307692308 0.0733173076923077
4 0.5036057692307693 0.6237980769230769 0.056490384615384616 0.09254807692307693
4 0.5612980769230769 0.6129807692307693 0.0625 0.10576923076923077
4 0.1466346153846154 0.7271634615384616 0.07091346153846154 0.08774038461538461
4 0.07692307692307693 0.71875 0.06129807692307692 0.08774038461538461
4 0.028846153846153848 0.49399038461538464 0.04927884615384615 0.07451923076923077
4 0.4338942307692308 0.640625 0.06370192307692307 0.0985576923076923
4 0.39903846153846156 0.5901442307692307 0.04807692307692308 0.0889423076923077