4 0.2608173076923077 0.1658653846153846 0.18269230769230768 0.27163461538461536
4 0.32211538461538464 0.4074519230769231 0.04326923076923077 0.08173076923076923
4 0.44591346153846156 0.42908653846153844 0.05048076923076923 0.07211538461538461
4 0.3557692307692308 0.6189903846153846 0.057692307692307696 0.09134615384615384
4 0.2127403846153846 0.6682692307692307 0.07692307692307693 0.11057692307692307
4 0.14783653846153846 0.5540865384615384 0.04807692307692308 0.08173076923076923
4 0.7127403846153846 0.6742788461538461 0.0673076923076923 0.11538461538461539
4 0.8581730769230769 0.49158653846153844 0.04807692307692308 0.07211538461538461
4 0.7776442307692307 0.4675480769230769 0.052884615384615384 0.08413461538461539
4 0.6971153846153846 0.4963942307692308 0.04807692307692308 0.07211538461538461
4 0.5961538461538461 0.5060096153846154 0.04807692307692308 0.09134615384615384
4 0.5480769230769231 0.5480769230769231 0.04807692307692308 0.07211538461538461
4 0.4963942307692308 0.6237980769230769 0.057692307692307696 0.09134615384615384
4 0.4387019230769231 0.6129807692307693 0.0625 0.10576923076923077
4 0.8533653846153846 0.7271634615384616 0.07211538461538461 0.08653846153846154
4 0.9230769230769231 0.71875 0.0625 0.08653846153846154
4 0.9711538461538461 0.49399038461538464 0.04807692307692308 0.07451923076923077
4 0.5661057692307693 0.640625 0.0625 0.0985576923076923
4 0.6009615384615384 0.5901442307692307 0.04807692307692308 0.0889423076923077