4 0.7391826923076923 0.8341346153846154 0.18269230769230768 0.27163461538461536
4 0.6778846153846154 0.5925480769230769 0.04326923076923077 0.08173076923076923
4 0.5540865384615384 0.5709134615384616 0.05048076923076923 0.07211538461538461
4 0.6442307692307693 0.38100961538461536 0.057692307692307696 0.09134615384615384
4 0.7872596153846154 0.3317307692307692 0.07692307692307693 0.11298076923076923
4 0.8521634615384616 0.44591346153846156 0.04807692307692308 0.08173076923076923
4 0.28725961538461536 0.32572115384615385 0.0673076923076923 0.11538461538461539
4 0.14182692307692307 0.5084134615384616 0.04807692307692308 0.07211538461538461
4 0.22235576923076922 0.5324519230769231 0.052884615384615384 0.08413461538461539
4 0.30288461538461536 0.5036057692307693 0.04807692307692308 0.07211538461538461
4 0.40384615384615385 0.49399038461538464 0.04807692307692308 0.09134615384615384
4 0.4519230769230769 0.4519230769230769 0.04807692307692308 0.07211538461538461
4 0.5036057692307693 0.3762019230769231 0.057692307692307696 0.09134615384615384
4 0.5612980769230769 0.3870192307692308 0.0625 0.10576923076923077
4 0.1466346153846154 0.27283653846153844 0.07211538461538461 0.08653846153846154
4 0.07692307692307693 0.28125 0.0625 0.08653846153846154
4 0.028846153846153848 0.5060096153846154 0.05048076923076923 0.07451923076923077
4 0.4338942307692308 0.359375 0.0625 0.0985576923076923
4 0.39903846153846156 0.4098557692307692 0.04807692307692308 0.0889423076923077