4 0.4230769230769231 0.8137019230769231 0.25 0.14903846153846154
4 0.39663461538461536 0.6850961538461539 0.22355769230769232 0.16826923076923078
4 0.3004807692307692 0.28966346153846156 0.1875 0.11538461538461539
4 0.2800480769230769 0.19230769230769232 0.16826923076923078 0.125
4 0.40625 0.45072115384615385 0.14903846153846154 0.07211538461538461
4 0.38341346153846156 0.09134615384615384 0.12259615384615384 0.0673076923076923
4 0.16947115384615385 0.4675480769230769 0.14182692307692307 0.07211538461538461
4 0.44350961538461536 0.515625 0.11538461538461539 0.052884615384615384
4 0.4098557692307692 0.19951923076923078 0.10817307692307693 0.07211538461538461
4 0.2800480769230769 0.040865384615384616 0.14423076923076922 0.07692307692307693
4 0.3076923076923077 0.5012019230769231 0.14903846153846154 0.07211538461538461
4 0.4963942307692308 0.3557692307692308 0.10096153846153846 0.057692307692307696