4 0.18629807692307693 0.5769230769230769 0.1502403846153846 0.2512019230769231
4 0.31490384615384615 0.6033653846153846 0.16826923076923078 0.22355769230769232
4 0.7103365384615384 0.6995192307692307 0.11538461538461539 0.18629807692307693
4 0.8076923076923077 0.7199519230769231 0.125 0.16706730769230768
4 0.5492788461538461 0.59375 0.07091346153846154 0.1502403846153846
4 0.9086538461538461 0.6165865384615384 0.06850961538461539 0.12259615384615384
4 0.5324519230769231 0.8305288461538461 0.0733173076923077 0.14182692307692307
4 0.484375 0.5564903846153846 0.052884615384615384 0.11658653846153846
4 0.8004807692307693 0.5901442307692307 0.0733173076923077 0.10817307692307693
4 0.9591346153846154 0.7199519230769231 0.07572115384615384 0.14302884615384615
4 0.4987980769230769 0.6923076923076923 0.0733173076923077 0.1502403846153846
4 0.6442307692307693 0.5036057692307693 0.057692307692307696 0.10216346153846154