4 0.8137019230769231 0.4230769230769231 0.14903846153846154 0.25240384615384615
4 0.6850961538461539 0.39663461538461536 0.16826923076923078 0.22355769230769232
4 0.28966346153846156 0.3004807692307692 0.11538461538461539 0.1875
4 0.19230769230769232 0.2800480769230769 0.125 0.16826923076923078
4 0.45072115384615385 0.40625 0.07211538461538461 0.14903846153846154
4 0.09134615384615384 0.38341346153846156 0.06971153846153846 0.12259615384615384
4 0.4675480769230769 0.16947115384615385 0.07451923076923077 0.14182692307692307
4 0.515625 0.44350961538461536 0.052884615384615384 0.11538461538461539
4 0.19951923076923078 0.4098557692307692 0.07451923076923077 0.10817307692307693
4 0.040865384615384616 0.2800480769230769 0.07692307692307693 0.14423076923076922
4 0.5012019230769231 0.3076923076923077 0.07211538461538461 0.14903846153846154
4 0.3557692307692308 0.4963942307692308 0.057692307692307696 0.10096153846153846